solid EjeBombaMsu
   facet normal 3.437238e-001 0.000000e+000 -9.390708e-001
      outer loop
         vertex 1.806000e+001 0.000000e+000 0.000000e+000
         vertex 2.709000e+001 1.456000e+003 2.419582e+000
         vertex 2.709000e+001 0.000000e+000 2.419582e+000
      endloop
   endfacet
   facet normal 6.413973e-001 0.000000e+000 -7.672089e-001
      outer loop
         vertex 2.709000e+001 0.000000e+000 2.419582e+000
         vertex 2.709000e+001 1.456000e+003 2.419582e+000
         vertex 3.370042e+001 1.456000e+003 9.030001e+000
      endloop
   endfacet
   facet normal 7.672089e-001 0.000000e+000 -6.413973e-001
      outer loop
         vertex 2.709000e+001 0.000000e+000 2.419582e+000
         vertex 3.370042e+001 1.456000e+003 9.030001e+000
         vertex 3.370042e+001 0.000000e+000 9.030001e+000
      endloop
   endfacet
   facet normal 9.390708e-001 0.000000e+000 -3.437238e-001
      outer loop
         vertex 3.370042e+001 0.000000e+000 9.030001e+000
         vertex 3.370042e+001 1.456000e+003 9.030001e+000
         vertex 3.612000e+001 1.456000e+003 1.806000e+001
      endloop
   endfacet
   facet normal 9.851210e-001 0.000000e+000 -1.718619e-001
      outer loop
         vertex 3.370042e+001 0.000000e+000 9.030001e+000
         vertex 3.612000e+001 1.456000e+003 1.806000e+001
         vertex 3.612000e+001 0.000000e+000 1.806000e+001
      endloop
   endfacet
   facet normal 9.851210e-001 0.000000e+000 1.718619e-001
      outer loop
         vertex 3.612000e+001 0.000000e+000 1.806000e+001
         vertex 3.612000e+001 1.456000e+003 1.806000e+001
         vertex 3.370042e+001 1.456000e+003 2.709000e+001
      endloop
   endfacet
   facet normal 9.390708e-001 0.000000e+000 3.437238e-001
      outer loop
         vertex 3.612000e+001 0.000000e+000 1.806000e+001
         vertex 3.370042e+001 1.456000e+003 2.709000e+001
         vertex 3.370042e+001 0.000000e+000 2.709000e+001
      endloop
   endfacet
   facet normal 7.672089e-001 0.000000e+000 6.413973e-001
      outer loop
         vertex 3.370042e+001 0.000000e+000 2.709000e+001
         vertex 3.370042e+001 1.456000e+003 2.709000e+001
         vertex 2.709000e+001 1.456000e+003 3.370042e+001
      endloop
   endfacet
   facet normal 6.413973e-001 0.000000e+000 7.672089e-001
      outer loop
         vertex 3.370042e+001 0.000000e+000 2.709000e+001
         vertex 2.709000e+001 1.456000e+003 3.370042e+001
         vertex 2.709000e+001 0.000000e+000 3.370042e+001
      endloop
   endfacet
   facet normal 3.437238e-001 0.000000e+000 9.390708e-001
      outer loop
         vertex 2.709000e+001 0.000000e+000 3.370042e+001
         vertex 2.709000e+001 1.456000e+003 3.370042e+001
         vertex 1.806000e+001 1.456000e+003 3.612000e+001
      endloop
   endfacet
   facet normal 1.718619e-001 0.000000e+000 9.851210e-001
      outer loop
         vertex 2.709000e+001 0.000000e+000 3.370042e+001
         vertex 1.806000e+001 1.456000e+003 3.612000e+001
         vertex 1.806000e+001 0.000000e+000 3.612000e+001
      endloop
   endfacet
   facet normal -1.718619e-001 0.000000e+000 9.851210e-001
      outer loop
         vertex 1.806000e+001 0.000000e+000 3.612000e+001
         vertex 1.806000e+001 1.456000e+003 3.612000e+001
         vertex 9.030001e+000 1.456000e+003 3.370042e+001
      endloop
   endfacet
   facet normal -3.437238e-001 0.000000e+000 9.390708e-001
      outer loop
         vertex 1.806000e+001 0.000000e+000 3.612000e+001
         vertex 9.030001e+000 1.456000e+003 3.370042e+001
         vertex 9.030001e+000 0.000000e+000 3.370042e+001
      endloop
   endfacet
   facet normal -6.413973e-001 0.000000e+000 7.672089e-001
      outer loop
         vertex 9.030001e+000 0.000000e+000 3.370042e+001
         vertex 9.030001e+000 1.456000e+003 3.370042e+001
         vertex 2.419582e+000 1.456000e+003 2.709000e+001
      endloop
   endfacet
   facet normal -7.672089e-001 0.000000e+000 6.413973e-001
      outer loop
         vertex 9.030001e+000 0.000000e+000 3.370042e+001
         vertex 2.419582e+000 1.456000e+003 2.709000e+001
         vertex 2.419582e+000 0.000000e+000 2.709000e+001
      endloop
   endfacet
   facet normal -9.390708e-001 0.000000e+000 3.437238e-001
      outer loop
         vertex 2.419582e+000 0.000000e+000 2.709000e+001
         vertex 2.419582e+000 1.456000e+003 2.709000e+001
         vertex 0.000000e+000 1.456000e+003 1.806000e+001
      endloop
   endfacet
   facet normal -9.851210e-001 0.000000e+000 1.718619e-001
      outer loop
         vertex 2.419582e+000 0.000000e+000 2.709000e+001
         vertex 0.000000e+000 1.456000e+003 1.806000e+001
         vertex 0.000000e+000 0.000000e+000 1.806000e+001
      endloop
   endfacet
   facet normal -9.851210e-001 0.000000e+000 -1.718619e-001
      outer loop
         vertex 0.000000e+000 0.000000e+000 1.806000e+001
         vertex 0.000000e+000 1.456000e+003 1.806000e+001
         vertex 2.419582e+000 1.456000e+003 9.030001e+000
      endloop
   endfacet
   facet normal -9.390708e-001 0.000000e+000 -3.437238e-001
      outer loop
         vertex 0.000000e+000 0.000000e+000 1.806000e+001
         vertex 2.419582e+000 1.456000e+003 9.030001e+000
         vertex 2.419582e+000 0.000000e+000 9.030001e+000
      endloop
   endfacet
   facet normal -7.672089e-001 0.000000e+000 -6.413973e-001
      outer loop
         vertex 2.419582e+000 0.000000e+000 9.030001e+000
         vertex 2.419582e+000 1.456000e+003 9.030001e+000
         vertex 9.030001e+000 1.456000e+003 2.419582e+000
      endloop
   endfacet
   facet normal -6.413973e-001 0.000000e+000 -7.672089e-001
      outer loop
         vertex 2.419582e+000 0.000000e+000 9.030001e+000
         vertex 9.030001e+000 1.456000e+003 2.419582e+000
         vertex 9.030001e+000 0.000000e+000 2.419582e+000
      endloop
   endfacet
   facet normal -3.437238e-001 0.000000e+000 -9.390708e-001
      outer loop
         vertex 9.030001e+000 0.000000e+000 2.419582e+000
         vertex 9.030001e+000 1.456000e+003 2.419582e+000
         vertex 1.806000e+001 1.456000e+003 0.000000e+000
      endloop
   endfacet
   facet normal -1.718619e-001 0.000000e+000 -9.851210e-001
      outer loop
         vertex 9.030001e+000 0.000000e+000 2.419582e+000
         vertex 1.806000e+001 1.456000e+003 0.000000e+000
         vertex 1.806000e+001 0.000000e+000 0.000000e+000
      endloop
   endfacet
   facet normal 1.718619e-001 0.000000e+000 -9.851210e-001
      outer loop
         vertex 1.806000e+001 0.000000e+000 0.000000e+000
         vertex 1.806000e+001 1.456000e+003 0.000000e+000
         vertex 2.709000e+001 1.456000e+003 2.419582e+000
      endloop
   endfacet
   facet normal 0.000000e+000 1.000000e+000 0.000000e+000
      outer loop
         vertex 2.419582e+000 1.456000e+003 2.709000e+001
         vertex 9.030001e+000 1.456000e+003 3.370042e+001
         vertex 1.806000e+001 1.456000e+003 1.806000e+001
      endloop
   endfacet
   facet normal 0.000000e+000 1.000000e+000 0.000000e+000
      outer loop
         vertex 1.806000e+001 1.456000e+003 1.806000e+001
         vertex 9.030001e+000 1.456000e+003 3.370042e+001
         vertex 1.806000e+001 1.456000e+003 3.612000e+001
      endloop
   endfacet
   facet normal 0.000000e+000 1.000000e+000 0.000000e+000
      outer loop
         vertex 1.806000e+001 1.456000e+003 1.806000e+001
         vertex 1.806000e+001 1.456000e+003 3.612000e+001
         vertex 2.709000e+001 1.456000e+003 3.370042e+001
      endloop
   endfacet
   facet normal 0.000000e+000 1.000000e+000 0.000000e+000
      outer loop
         vertex 9.030001e+000 1.456000e+003 2.419582e+000
         vertex 2.419582e+000 1.456000e+003 9.030001e+000
         vertex 1.806000e+001 1.456000e+003 1.806000e+001
      endloop
   endfacet
   facet normal 0.000000e+000 1.000000e+000 0.000000e+000
      outer loop
         vertex 1.806000e+001 1.456000e+003 1.806000e+001
         vertex 2.419582e+000 1.456000e+003 9.030001e+000
         vertex 0.000000e+000 1.456000e+003 1.806000e+001
      endloop
   endfacet
   facet normal 0.000000e+000 1.000000e+000 0.000000e+000
      outer loop
         vertex 1.806000e+001 1.456000e+003 1.806000e+001
         vertex 0.000000e+000 1.456000e+003 1.806000e+001
         vertex 2.419582e+000 1.456000e+003 2.709000e+001
      endloop
   endfacet
   facet normal 0.000000e+000 1.000000e+000 0.000000e+000
      outer loop
         vertex 3.370042e+001 1.456000e+003 9.030001e+000
         vertex 2.709000e+001 1.456000e+003 2.419582e+000
         vertex 1.806000e+001 1.456000e+003 1.806000e+001
      endloop
   endfacet
   facet normal 0.000000e+000 1.000000e+000 0.000000e+000
      outer loop
         vertex 1.806000e+001 1.456000e+003 1.806000e+001
         vertex 2.709000e+001 1.456000e+003 2.419582e+000
         vertex 1.806000e+001 1.456000e+003 0.000000e+000
      endloop
   endfacet
   facet normal 0.000000e+000 1.000000e+000 0.000000e+000
      outer loop
         vertex 1.806000e+001 1.456000e+003 1.806000e+001
         vertex 1.806000e+001 1.456000e+003 0.000000e+000
         vertex 9.030001e+000 1.456000e+003 2.419582e+000
      endloop
   endfacet
   facet normal 0.000000e+000 1.000000e+000 0.000000e+000
      outer loop
         vertex 2.709000e+001 1.456000e+003 3.370042e+001
         vertex 3.370042e+001 1.456000e+003 2.709000e+001
         vertex 1.806000e+001 1.456000e+003 1.806000e+001
      endloop
   endfacet
   facet normal 0.000000e+000 1.000000e+000 0.000000e+000
      outer loop
         vertex 1.806000e+001 1.456000e+003 1.806000e+001
         vertex 3.370042e+001 1.456000e+003 2.709000e+001
         vertex 3.612000e+001 1.456000e+003 1.806000e+001
      endloop
   endfacet
   facet normal 0.000000e+000 1.000000e+000 0.000000e+000
      outer loop
         vertex 1.806000e+001 1.456000e+003 1.806000e+001
         vertex 3.612000e+001 1.456000e+003 1.806000e+001
         vertex 3.370042e+001 1.456000e+003 9.030001e+000
      endloop
   endfacet
   facet normal 0.000000e+000 -1.000000e+000 0.000000e+000
      outer loop
         vertex 3.370042e+001 0.000000e+000 2.709000e+001
         vertex 2.709000e+001 0.000000e+000 3.370042e+001
         vertex 1.806000e+001 0.000000e+000 1.806000e+001
      endloop
   endfacet
   facet normal 0.000000e+000 -1.000000e+000 0.000000e+000
      outer loop
         vertex 1.806000e+001 0.000000e+000 1.806000e+001
         vertex 2.709000e+001 0.000000e+000 3.370042e+001
         vertex 1.806000e+001 0.000000e+000 3.612000e+001
      endloop
   endfacet
   facet normal 0.000000e+000 -1.000000e+000 0.000000e+000
      outer loop
         vertex 1.806000e+001 0.000000e+000 1.806000e+001
         vertex 1.806000e+001 0.000000e+000 3.612000e+001
         vertex 9.030001e+000 0.000000e+000 3.370042e+001
      endloop
   endfacet
   facet normal 0.000000e+000 -1.000000e+000 0.000000e+000
      outer loop
         vertex 2.709000e+001 0.000000e+000 2.419582e+000
         vertex 3.370042e+001 0.000000e+000 9.030001e+000
         vertex 1.806000e+001 0.000000e+000 1.806000e+001
      endloop
   endfacet
   facet normal 0.000000e+000 -1.000000e+000 0.000000e+000
      outer loop
         vertex 1.806000e+001 0.000000e+000 1.806000e+001
         vertex 3.370042e+001 0.000000e+000 9.030001e+000
         vertex 3.612000e+001 0.000000e+000 1.806000e+001
      endloop
   endfacet
   facet normal 0.000000e+000 -1.000000e+000 0.000000e+000
      outer loop
         vertex 1.806000e+001 0.000000e+000 1.806000e+001
         vertex 3.612000e+001 0.000000e+000 1.806000e+001
         vertex 3.370042e+001 0.000000e+000 2.709000e+001
      endloop
   endfacet
   facet normal 0.000000e+000 -1.000000e+000 0.000000e+000
      outer loop
         vertex 2.419582e+000 0.000000e+000 9.030001e+000
         vertex 9.030001e+000 0.000000e+000 2.419582e+000
         vertex 1.806000e+001 0.000000e+000 1.806000e+001
      endloop
   endfacet
   facet normal 0.000000e+000 -1.000000e+000 0.000000e+000
      outer loop
         vertex 1.806000e+001 0.000000e+000 1.806000e+001
         vertex 9.030001e+000 0.000000e+000 2.419582e+000
         vertex 1.806000e+001 0.000000e+000 0.000000e+000
      endloop
   endfacet
   facet normal 0.000000e+000 -1.000000e+000 0.000000e+000
      outer loop
         vertex 1.806000e+001 0.000000e+000 1.806000e+001
         vertex 1.806000e+001 0.000000e+000 0.000000e+000
         vertex 2.709000e+001 0.000000e+000 2.419582e+000
      endloop
   endfacet
   facet normal 0.000000e+000 -1.000000e+000 0.000000e+000
      outer loop
         vertex 9.030001e+000 0.000000e+000 3.370042e+001
         vertex 2.419582e+000 0.000000e+000 2.709000e+001
         vertex 1.806000e+001 0.000000e+000 1.806000e+001
      endloop
   endfacet
   facet normal 0.000000e+000 -1.000000e+000 0.000000e+000
      outer loop
         vertex 1.806000e+001 0.000000e+000 1.806000e+001
         vertex 2.419582e+000 0.000000e+000 2.709000e+001
         vertex 0.000000e+000 0.000000e+000 1.806000e+001
      endloop
   endfacet
   facet normal 0.000000e+000 -1.000000e+000 0.000000e+000
      outer loop
         vertex 1.806000e+001 0.000000e+000 1.806000e+001
         vertex 0.000000e+000 0.000000e+000 1.806000e+001
         vertex 2.419582e+000 0.000000e+000 9.030001e+000
      endloop
   endfacet
endsolid